"x" "mean" "lwr1" "lwr2" "lwr3" "upr1" "upr2" "upr3"
0.001 3.61542559315577e-19 3.52820241342601e-19 3.38979487267131e-19 3.32335633588215e-19 3.68732622679325e-19 3.83864900671759e-19 3.90630444273574e-19
0.00109749876549306 3.0469861992289e-18 2.97354434558779e-18 2.8569071901918e-18 2.80090613062552e-18 3.1076216849994e-18 3.23510448982327e-18 3.29212310359055e-18
0.00120450354025878 2.40169498473461e-17 2.34386345019881e-17 2.25193537950436e-17 2.20778715680003e-17 2.44952227334841e-17 2.54996634355581e-17 2.59490985637253e-17
0.00132194114846603 1.77415092789182e-16 1.73147506342639e-16 1.66357310167782e-16 1.6309548730668e-16 1.80950746054256e-16 1.88367445585465e-16 1.9168748173274e-16
0.00145082877849594 1.23070553010544e-15 1.20112518333938e-15 1.15402731120223e-15 1.1313965040406e-15 1.25524103047298e-15 1.3066657530199e-15 1.32969639485216e-15
0.00159228279334109 8.03242063884852e-15 7.83942567230959e-15 7.53207040512764e-15 7.38434049997601e-15 8.19251907697641e-15 8.52798086337003e-15 8.67829245878605e-15
0.00174752840000768 4.94166013529803e-14 4.82297060304371e-14 4.63390581478304e-14 4.54300321377568e-14 5.04013080796251e-14 5.24639956649705e-14 5.33887205027754e-14
0.00191791026167249 2.87090793024222e-13 2.80198121008425e-13 2.69215731381074e-13 2.63933590852915e-13 2.9281005183413e-13 3.0478649754305e-13 3.10158694424155e-13
0.00210490414451202 1.57778416347063e-12 1.53991962232531e-12 1.47957188911454e-12 1.45053622497554e-12 1.60920712816058e-12 1.67498615019502e-12 1.70450997266841e-12
0.00231012970008316 8.21668659050086e-12 8.01958704464226e-12 7.70536142858274e-12 7.55411640256358e-12 8.38028064538065e-12 8.72261424131842e-12 8.87636359830854e-12
0.00253536449397011 4.06146886008304e-11 3.9640906314477e-11 3.80879655098919e-11 3.73401835799611e-11 4.14230709053425e-11 4.3114015902296e-11 4.38739754568743e-11
0.00278255940220712 1.90854142932434e-10 1.86280574950782e-10 1.78984397751504e-10 1.7546953217883e-10 1.94651568288318e-10 2.02591571958842e-10 2.06162645431978e-10
0.00305385550883342 8.53937095431035e-10 8.33484990210271e-10 8.00846021472774e-10 7.85115005953935e-10 8.70921802318901e-10 9.06419115581143e-10 9.22396728098529e-10
0.00335160265093884 3.64342136678646e-09 3.55621210023885e-09 3.41698264847673e-09 3.34984390877661e-09 3.71586096527081e-09 3.86718421068175e-09 3.93535260468174e-09
0.00367837977182864 1.48451929201621e-08 1.4490084250828e-08 1.39229149329753e-08 1.36492668289167e-08 1.5140229748523e-08 1.57562332512385e-08 1.60339780092589e-08
0.00403701725859656 5.78455307784819e-08 5.64627701550174e-08 5.425326279106e-08 5.31865930798073e-08 5.89946697758587e-08 6.13926237741271e-08 6.24748417612494e-08
0.00443062145758388 2.15852657765738e-07 2.10696641888286e-07 2.02453838447472e-07 1.98472007997803e-07 2.20138739222377e-07 2.29077406492173e-07 2.33115585975474e-07
0.00486260158006536 7.72372532438469e-07 7.53940686963258e-07 7.24450806046235e-07 7.10197025893525e-07 7.87701653362115e-07 8.1965048822455e-07 8.34099444595177e-07
0.00533669923120631 2.65362132994097e-06 2.59036953698544e-06 2.48906056893356e-06 2.44006759176562e-06 2.70615849369901e-06 2.81589401715944e-06 2.86553358304964e-06
0.00585702081805667 8.76471698507211e-06 8.55606364988134e-06 8.22147798363839e-06 8.0595807493084e-06 8.93757629005383e-06 9.30013109060483e-06 9.46407826755786e-06
0.00642807311728432 2.78645191945232e-05 2.72020725908434e-05 2.61384706688037e-05 2.56235075736305e-05 2.84118019369009e-05 2.95647881585118e-05 3.00859732224084e-05
0.00705480231071864 8.53674130445569e-05 8.33408597402964e-05 8.00826778739467e-05 7.85041306431102e-05 8.70394752953105e-05 9.05702334209808e-05 9.21668619017087e-05
0.00774263682681127 0.000252322881358444 0.000246342349868923 0.000236713090653449 0.000232044534556645 0.000257259427931834 0.000267681354106215 0.000272400205439872
0.00849753435908645 0.000720323328614719 0.000703279230994247 0.00067579307239147 0.000662456771511692 0.000734398998624843 0.000764108291910094 0.000777578401551669
0.00932603346883221 0.00198825868250935 0.00194129913063355 0.0018654401585047 0.00182860298097283 0.00202706088692505 0.00210893863160696 0.0021461157777165
0.0102353102189903 0.0053118699599084 0.00518666009647743 0.00498401968138167 0.00488552961373875 0.00541549714952684 0.0056337766106088 0.00573308935136264
0.0112332403297803 0.0137438060594476 0.0134249572994827 0.0128662667216206 0.0125773852628084 0.0140164152885021 0.0145675892250278 0.0147909585466425
0.0123284673944207 0.0345034161723172 0.033703086379246 0.0323025006373396 0.0315761904238159 0.0351828978866882 0.0365686861505307 0.0371284293115267
0.0135304777457981 0.084087991655899 0.0821343362159999 0.0787296830407793 0.0769567687082709 0.0857311352947896 0.089113871210546 0.0904753347821784
0.0148496826225447 0.199125831262575 0.194491296528829 0.186450993025819 0.182245421557837 0.202984283279322 0.211008650355265 0.214225817606954
0.0162975083462065 0.458602780924336 0.447908714053037 0.429446045833823 0.4197424741608 0.467408304607281 0.48592325374667 0.493315526565434
0.0178864952905744 1.02812100312006 1.00409687416947 0.962838375017015 0.941041468261882 1.04766672839681 1.0892568790677 1.1057876718513
0.0196304065004027 2.24555158170479 2.19296190958393 2.1031585504782 2.05545043408214 2.28778322570933 2.37881480040247 2.41482155040778
0.0215443469003188 4.78229311399046 4.67002079615465 4.47948160303089 4.37764776903331 4.87117915221475 5.06548921387597 5.14194331426034
0.0236448941264541 9.93776919990966 9.70493164814381 9.31053746881391 9.09838213592223 10.121249489239 10.5260672721831 10.6844418466584
0.0259502421139974 20.1680416659796 19.6972921241875 18.8998577008853 18.468110610576 20.541041017447 21.3618935192799 21.6822020513309
0.028480358684358 40.0041059853853 39.0767952422122 37.4987354563267 36.6397957387698 40.7441061338595 42.372001971172 43.004952808112
0.0312571584968824 77.6141287249432 75.8283089176851 72.7744824484134 71.1026557816874 79.0471314562084 82.2078177746819 83.4307419779011
0.0343046928631492 147.416489204323 144.034519489118 138.251349788772 135.065343322051 150.114738330706 156.122151372173 158.433984474966
0.0376493580679247 274.211057486925 268.00393017933 257.279169256191 251.33001431282 279.249497192975 290.41713650353 294.71413066322
0.0413201240011534 500.074492938057 488.839352448583 469.349878421884 458.4570868034 509.247414169595 529.537481490283 537.395578215916
0.0453487850812858 894.807134682372 874.677315479942 839.948861303627 820.377679095945 911.089820052627 947.145227201797 961.242428615097
0.0497702356433211 1571.33514933214 1536.26842974887 1475.6263040645 1441.09562634977 1599.44945668959 1662.87792396329 1687.79022100601
0.0546227721768434 2711.11150294403 2650.04461152504 2546.64056356734 2486.7693384204 2759.24530995196 2867.70884199608 2911.03998139502
0.0599484250318941 4598.21718840767 4495.16721508777 4321.45313133764 4218.32078378768 4679.05994527382 4861.2142980424 4935.33623123513
0.0657933224657569 7669.92893406012 7501.40968938954 7213.9835365245 7038.84336124885 7804.84178643941 8105.53676693783 8230.32138540504
0.0722080901838547 12591.0690493463 12319.3764262913 11854.6914751629 11561.5513409555 12813.9141837724 13302.6085751992 13509.5043140315
0.0792482898353917 20365.7345924552 19928.3500794736 19189.9032204152 18705.9378463202 20724.0779145128 21503.0178619346 21841.1053429908
0.0869749002617784 32473.2740688814 31774.8955051289 30617.8371622134 29832.329879308 33041.8006947841 34258.9057453884 34802.5782174281
0.0954548456661834 51067.5987242226 49971.2486167363 48173.7733275093 46922.7917395634 51935.4617775128 53847.2196114375 54693.7198537602
0.104761575278967 79241.2145667774 77557.135316153 74814.5417268307 72844.8263316469 80580.4761083451 83528.6971197941 84827.7103655354
0.114975699539774 121429.947035957 118909.955988653 114674.752638817 111695.045316242 123436.538442991 127959.433936344 129924.822620489
0.126185688306602 183880.250524028 180085.268162938 173732.693614153 169267.151970267 186871.255238228 193707.099331234 196639.630308878
0.138488637139387 275378.786590732 269784.022252281 260503.733263267 253678.487937256 279749.420531787 289942.575152058 294258.322963833
0.151991108295293 407844.924800998 399805.987772677 386233.98494768 376192.637290321 414195.915866886 429341.388377769 435605.912633084
0.166810053720006 598267.648106465 586537.254750204 566427.693188113 552277.138486757 607037.350048368 628833.168883047 638199.288438295
0.183073828029537 868732.623866937 852071.196233839 823278.810371623 802920.171151692 881410.316862125 912163.585118353 925664.549625151
0.200923300256505 1248890.18860821 1226095.54937559 1185691.78842447 1156192.99225793 1267040.17457293 1310347.73867601 1330458.74189347
0.220513073990305 1777596.13624036 1746907.47561497 1690488.42884689 1648980.66781859 1803018.05465277 1865420.03624859 1892965.61177092
0.242012826479438 2505714.96052884 2466086.12339125 2388049.35165355 2331114.81191035 2542383.61807734 2626983.37500022 2664105.04251454
0.265608778294669 3495018.88575547 3443489.79887066 3334360.08945776 3263755.77214196 3546765.6144043 3661316.46909654 3711882.7366226
0.291505306282518 4820368.17760172 4753983.41527946 4598046.42168412 4518201.84349603 4893339.57185863 5048333.42908715 5111378.28234845
0.319926713779738 6569773.31483421 6481200.21589244 6269391.77799129 6175678.72745171 6667989.6523211 6881266.97906959 6954752.93871004
0.351119173421513 8842057.85127555 8726618.64517238 8448321.74347942 8325320.16017196 8983024.10513507 9259403.95746438 9342628.52562434
0.385352859371053 11740317.6353944 11594392.1172366 11227331.2712733 11047273.1320115 11917804.6980059 12279013.9772959 12388395.5964705
0.42292428743895 15366029.7896186 15174507.731929 14701280.1737708 14435936.8106681 15598999.0295247 16065600.8241367 16197793.2687557
0.464158883361278 19810341.1788853 19555102.0511052 18978576.658108 18590104.52697 20098126.5073888 20692485.9864584 20860919.5856867
0.509413801481638 25132829.8331743 24810380.8820167 24091415.9848793 23605193.6856713 25507802.8614936 26229277.0308926 26449625.0300841
0.559081018251223 31376791.3130467 30971634.8133511 30092873.4101418 29496476.11603 31835690.39923 32715038.6886138 33003493.9032426
0.613590727341318 38549388.327664 38048992.3122838 36971616.2121798 36264492.6279351 39108842.2622232 40146362.411879 40520693.3016116
0.673415065775082 46593671.2996249 45975834.8378974 44706425.3002235 43866170.1020982 47251687.2698595 48498166.8053003 48951486.437588
0.739072203352579 55436280.3685959 54664169.8605173 53188882.4438724 52212107.4482071 56203920.4628286 57696161.7537627 58218426.4332972
0.811130830789688 64868473.1199938 63981662.7351172 62275912.738838 61113340.6090394 65810463.5929208 67574022.4792779 68165684.0082385
0.89021508544504 74763600.5508872 73765888.5885915 71793471.4619611 70397128.5228969 75840320.4044264 77888382.0025647 78593113.4512751
0.977009957299226 84862934.3980975 83743656.0109924 81531716.0684024 79883798.7661272 86098690.4268005 88379942.2891982 89269830.337695
1.07226722201032 94965700.6571597 93708700.6830534 91261303.4187022 89349376.2054583 96328546.3220143 98868975.6807253 99903821.9176335
1.176811952435 104789338.019989 103422344.42216 100711225.040383 98564184.1726411 106297029.639607 109096602.582331 110279582.582513
1.29154966501488 114134844.152041 112662689.531861 109627455.845518 107305393.702584 115743903.005963 118877242.904544 120177162.327169
1.41747416292681 122800417.787295 121187602.344458 117851347.197584 115368428.126957 124477418.262303 127946746.717636 129457664.068711
1.55567614393047 130541106.099641 128804148.179086 125285525.707527 122633292.903025 132331154.049748 136023723.25997 137774316.182363
1.70735264747069 137178602.841943 135432194.953267 131697872.809372 129020444.791991 139076710.66629 143061521.207448 144931010.469786
1.87381742286039 142650598.247772 140851092.740226 136966736.507532 134319892.389637 144693327.509693 148816814.77532 150864216.940623
2.05651230834865 146916436.315296 145036010.599689 140883346.451925 138370244.691263 149081462.077774 153417676.64829 155496214.600276
2.25701971963392 149919095.549221 147931941.766402 143700931.551361 141229058.419805 152162431.22829 156603551.912245 158792769.220123
2.47707635599171 151691691.251668 149676107.567477 145388178.876332 142903909.545991 154001381.485804 158488374.5884 160760031.001767
2.71858824273294 152279192.977475 150185834.567705 145836705.433034 143289386.689963 154520195.803493 159101737.975587 161439761.566119
2.98364724028334 151645356.974643 149518444.261331 145151183.415819 142523774.101763 153911053.989117 158584780.531951 160903482.387285
3.27454916287773 149979793.070527 147815479.494662 143454658.367324 140771200.46712 152211267.833034 156987149.645401 159246097.29034
3.59381366380463 147415081.320098 145265396.890853 140890575.270247 138136866.456271 149549063.580763 154392916.667507 156579463.030565
3.94420605943766 143968108.683153 141787446.91723 137523925.563771 134734451.37955 146076346.712762 150873638.668667 152999084.960439
4.32876128108306 139842744.089207 137719353.943142 133555019.441564 130681196.52992 141942440.499477 146606885.762059 148638851.964539
4.7508101621028 135045197.973026 133059676.49024 129067583.011956 126093728.044898 137136998.483418 141737683.533111 143651708.684598
5.21400828799969 129861123.718041 127892581.292675 123965288.182156 121084675.608785 131845689.803189 136371409.110544 138163355.398492
5.72236765935023 124297614.618465 122360053.038929 118478527.285476 115760081.836655 126214437.168461 130624991.671259 132292950.600628
6.28029144183425 118472747.317696 116624661.82089 112837883.628023 110217552.480053 120410012.736922 124563493.804005 126150888.982314
6.8926121043497 112494650.400568 110756914.562121 107096307.812024 104545068.338627 114362025.482184 118311427.443711 119837320.198073
7.5646332755463 106462784.21304 104778627.326631 101294435.720678 98820361.7189705 108239208.320864 111982278.773941 113464078.318114
8.30217568131975 100398424.11953 98785872.9049887 95498569.8646168 93155355.3415031 102156252.5057 105657428.691768 107086035.164697
9.1116275611549 94411606.4765112 92875544.7532061 89722116.8708325 87559787.0395774 96088421.5144269 99420704.5796538 100766855.610859
10 88559615.6686541 87098457.6564813 84069833.2286521 82078512.7895444 90174034.0978009 93309253.0084289 94587938.6901202
